1,5.295950398761311
2,5.317422233430418
3,5.397084772613938
4,5.295950398761311
5,5.346025158560787
6,5.238744548500572
7,5.293376506851285
8,5.293376506851285
9,5.267347473630942
10,5.405214315462736
11,5.267347473630942
12,5.321979431981655
13,5.321979431981655
14,5.609628751625239
15,5.267347473630942
16,5.317422233430418
17,5.267347473630941
18,5.238744548500572
19,5.405214315462736
20,5.346025158560787
21,5.267347473630942
22,5.267347473630941
23,5.238744548500572
24,5.317422233430418
25,5.238744548500572
26,5.295950398761311
27,5.238744548500572
28,5.32455332389168
29,5.295950398761311
30,5.293376506851285
31,5.295950398761311
32,5.267347473630941
